   30.24907      0.6431085       19.06578    
   30.21650      0.2362465       16.97847    
   29.98831      0.3309675       5.941077    
   30.28698      0.2727239       4.069374    
   30.24023      0.2107510       5.582853    
   30.03033      7.6329753E-02   22.88889    
   29.90720     -0.1313499       14.68304    
   30.17746      0.4627883       7.004113    
   30.17139      0.4703366       12.30419    
   30.09348      0.1985368       17.00192    
   29.92487     -0.1566446       17.36748    
   30.27652      0.5979655       16.04414    
   30.02325      0.2019574       4.015076    
