           1   43.29228       19.30317       59.81568              12
   1  38  -0.197
   2  38  -0.162
   1  44   0.191
   1  50   0.036
   2  50   0.020
   1  93  -0.023
   1 107   0.001
   1  48  -0.129
   2  48  -0.145
   1  47   0.060
   1  40   0.067
   2  40   0.038
  dcur_p=  8.7984204E-02  dcur_s=  9.1036797E-02
           2   16.54264      -10.58424       27.31354              18
   1  52  -0.085
   2  52   0.007
   1 104   0.800
   1  38  -0.350
   2  38  -0.419
   1  48   0.015
   2  48   0.222
   1  44  -0.292
   2  44  -0.448
   1  47  -0.195
   2  47  -0.049
   1  50  -0.517
   1  40  -0.132
   1 102   0.402
   1  94   0.262
   1  93   0.178
   1 107  -0.001
   1  98   0.532
  dcur_p=  0.2892646      dcur_s=  0.2291315    
           3  -6.193116      -5.266849       23.66912              18
   1  48  -0.113
   2  48  -0.104
   1  52  -0.085
   2  52  -0.084
   1  47  -0.026
   2  47   0.224
   1  44  -0.048
   2  44  -0.115
   1  40  -0.035
   2  40   0.128
   1  38  -0.075
   2  38  -0.129
   1  50  -0.085
   1 102  -0.068
   1  94  -0.098
   1  98   0.421
   1  93   1.063
   1 107  -0.049
  dcur_p=  0.1803728      dcur_s=  0.1305792    
           4   58.26196       33.92577       76.10925              14
   1 107  -0.103
   1  93   0.030
   1 102   0.092
   1  38   0.023
   2  38  -0.189
   1  50  -0.028
   2  50   0.062
   1  44  -0.005
   1  52  -0.087
   1  47   0.098
   2  47   0.154
   1  94   0.016
   1  40  -0.024
   2  40  -0.013
  dcur_p=  5.0573539E-02  dcur_s=  0.1045823    
           5  -5.034686       4.266281       18.43524              20
   1  48  -0.079
   2  48  -0.274
   1  52   0.087
   2  52   0.023
   1  47   0.001
   2  47   0.150
   1  40  -0.066
   2  40   0.112
   1  44   0.095
   2  44   0.023
   1  38   0.174
   2  38   0.142
   1  50   0.049
   1 104   0.146
   1 102  -0.093
   1  94  -0.155
   1  98  -0.156
   1 108  -0.123
   1  93  -0.087
   1 107   0.106
  dcur_p=  0.1010752      dcur_s=  0.1207288    
           6  -5.378086       3.503188       17.48659              13
   1  48  -0.042
   2  48  -0.160
   1  52   0.080
   2  52   0.058
   1  47  -0.024
   2  47  -0.099
   1  40  -0.096
   2  40   0.051
   1  44   0.076
   2  44  -0.068
   1  38   0.121
   2  38   0.085
   1  50  -0.115
  dcur_p=  7.8992128E-02  dcur_s=  8.6701393E-02
           7   155.5811       93.71884       13.89231              13
   1  38  -0.104
   2  38   0.028
   1  50   0.070
   2  50   0.147
   1  44   0.354
   1  51   0.407
   2  51   0.301
   1  52  -0.304
   2  52  -0.715
   1  47  -0.701
   1  48   0.023
   1  40   0.138
   2  40   0.271
  dcur_p=  0.2626147      dcur_s=  0.2925148    
           8  -6.216671       2.936263       14.69261              20
   1  48  -0.106
   2  48  -0.054
   1  52  -0.080
   2  52   0.081
   1  47  -0.197
   2  47  -0.070
   1  40  -0.234
   2  40  -0.114
   1  44  -0.183
   2  44  -0.289
   1  38  -0.116
   2  38  -0.202
   1  50  -0.332
   2  50  -0.469
   1  51  -0.302
   1 102   0.432
   1 104   0.743
   1  94   0.199
   1  98   0.421
   1 108   0.153
  dcur_p=  0.2689175      dcur_s=  0.1826375    
           9   15.41096      -9.608294       22.40212              17
   1  52   0.016
   2  52  -0.034
   1 104   0.061
   1  38   0.023
   2  38   0.073
   1  48   0.065
   2  48  -0.009
   1  44  -0.010
   1  47  -0.164
   1  50  -0.010
   2  50  -0.111
   1  40  -0.052
   2  40   0.199
   1  51  -0.111
   1 102   0.075
   1  94   0.052
   1  98   0.141
  dcur_p=  6.5001488E-02  dcur_s=  8.5224152E-02
          10   15.34490       40.78109       9.667803              16
   1 102   0.030
   1  50  -0.036
   1  51  -0.038
   2  51  -0.078
   1  94   0.023
   1  44  -0.016
   2  44   0.068
   1  47  -0.160
   2  47  -0.094
   1  38   0.030
   1  40  -0.006
   1  52   0.133
   2  52  -0.057
   1  48  -0.025
   2  48   0.015
   1 108   0.062
  dcur_p=  5.0787255E-02  dcur_s=  6.2618829E-02
          11   17.74844       14.82284       41.53850              28
   1  38   0.009
   2  38  -0.029
   1  44  -0.043
   2  44  -0.210
   1  52  -0.104
   2  52  -0.039
   1   9   0.066
   2   9   0.042
   1  50   0.002
   2  50  -0.148
   1  48  -0.105
   2  48  -0.139
   1  47   0.001
   2  47  -0.051
   1  51  -0.151
   1  40  -0.169
   2  40  -0.239
   1 102   0.160
   1  45  -0.059
   2  45   0.059
   1 104  -0.023
   1  41  -0.016
   2  41  -0.094
   1  94   0.165
   1 108   0.091
   1  93   0.071
   1 107   0.140
   1  98   0.191
  dcur_p=  8.7004133E-02  dcur_s=  0.1051125    
          12  -6.239378       13.25882       12.15167              10
   1  48   0.000
   2  48   0.034
   1  40  -0.094
   2  40  -0.036
   1  41  -0.128
   2  41  -0.090
   1  52   0.120
   2  52   0.321
   1  44   0.073
   2  38   0.047
  dcur_p=  8.3021447E-02  dcur_s=  0.1054986    
          13  -6.476965      -2.824430       5.291357              12
   1  48   0.021
   2  48  -0.019
   1  52   0.139
   2  52   0.273
   1  41   0.172
   2  41   0.328
   2  40  -0.449
   1  44  -0.027
   1  38   0.097
   2  38   0.042
   1  50  -0.159
   2   9   0.015
  dcur_p=  0.1025322      dcur_s=  0.1877534    
          14   74.30098      -11.26348       27.78171              19
   1  93  -0.004
   1  45  -0.111
   2  45  -0.081
   2   9   0.075
   1 107   0.001
   1  38   0.087
   1  44   0.320
   1  52  -0.037
   2  52  -0.057
   1  50  -0.161
   2  50  -0.001
   1  48  -0.059
   1 102  -0.189
   1  47   0.077
   2  47   0.039
   1  40   0.126
   2  40   0.258
   1  41  -0.055
   2  41  -0.193
  dcur_p=  0.1022288      dcur_s=  0.1008787    
          15  -41.74158       3.117275       11.66926              25
   1  41   0.312
   2  41   0.292
   1  39   0.225
   2  39   0.217
   1  40   0.243
   1  42   0.018
   2  42  -0.114
   1  48   0.077
   1  47   0.071
   2  47  -0.167
   1  98   0.153
   1  52  -0.024
   1  44  -0.097
   2  44  -0.357
   1  51  -0.009
   1  38  -0.173
   2  38   0.268
   1  50  -0.106
   1 102  -0.175
   1  94  -0.282
   1   9  -0.122
   2   9   0.103
   1  45   0.072
   1 108  -0.397
   1 107  -0.582
  dcur_p=  0.1743259      dcur_s=  0.2168034    
          16  -6.062423      -10.10483       17.36707              28
   1  42   0.485
   2  42   0.599
   1  39   0.007
   2  39   0.005
   1  48  -0.048
   2  48  -0.113
   1  52  -0.038
   2  52   0.094
   1  47  -0.176
   2  47  -0.237
   1  41  -0.185
   2  41  -0.197
   1  44  -0.155
   2  44  -0.273
   1  38  -0.082
   2  38  -0.201
   1  40  -0.235
   2  40  -0.419
   1  50  -0.334
   1   9  -0.245
   2   9  -0.098
   1  51  -0.246
   2  51  -0.102
   1 102   0.465
   1  94   0.268
   1  98   0.668
   1 108   0.255
   1 107   0.617
  dcur_p=  0.2652340      dcur_s=  0.2125075    
          17   33.49657       93.28903       92.68265              16
   1  50  -0.157
   2  50  -0.070
   1  44  -0.102
   1  47   0.266
   1  40   0.134
   2  40  -0.071
   1  38  -0.046
   2  38   0.429
   1  52  -0.148
   2  52  -0.208
   1   9   0.071
   2   9   0.193
   1  41  -0.414
   1  39   0.101
   1  45   0.304
   2  45  -0.171
  dcur_p=  0.1742833      dcur_s=  0.1902628    
          18  -30.99155      -1.026731       18.84520              17
   1  41  -0.332
   2  41  -0.328
   1  39  -0.116
   2  39   0.077
   1  48  -0.061
   2  48  -0.007
   1  40  -0.172
   2  40  -0.227
   2  47  -0.029
   1  52   0.037
   2  52  -0.124
   1  44   0.023
   1  38   0.011
   2  38  -0.012
   1  50   0.105
   1  98   0.087
   1 102   0.705
  dcur_p=  0.1650887      dcur_s=  0.1149387    
          19  -36.38321       3.124175       17.29157              20
   1  41  -0.095
   2  41  -0.139
   1  39   0.060
   2  39   0.133
   2  42   0.299
   1  40  -0.086
   2  40  -0.044
   1  48  -0.011
   2  48   0.215
   1  47  -0.110
   2  47  -0.267
   1  52  -0.011
   2  52   0.115
   1  44  -0.052
   1  98   0.199
   1  51  -0.373
   1  38  -0.057
   1  50  -0.334
   1 102   0.513
   1  94   0.368
  dcur_p=  0.1746630      dcur_s=  0.1731834    
          20  -6.644829       16.22999       14.65958              21
   1  39   0.067
   2  39  -0.101
   1  48  -0.080
   2  48  -0.223
   1  47  -0.051
   2  47  -0.190
   1  40   0.040
   2  40  -0.112
   1  41   0.073
   2  41  -0.023
   1  42   0.106
   2  42   0.240
   1  52   0.077
   2  52   0.008
   1  44   0.007
   2  44  -0.066
   1  51   0.130
   2  51   0.093
   1  38   0.114
   2  38  -0.016
   1  50  -0.577
  dcur_p=  0.1200903      dcur_s=  0.1072230    
          21  -78.43581      -44.37598       14.09754              16
   1  98  -0.219
   1  41  -0.137
   2  41  -0.107
   1  39   0.065
   1  40  -0.236
   1  48   0.039
   2  48  -0.036
   1  47  -0.359
   1  52   0.206
   2  52   0.024
   1  44  -0.149
   1  38   0.056
   2  38   0.207
   1  45   0.606
   2  45   0.672
   1 102   0.450
  dcur_p=  0.2291856      dcur_s=  0.2090023    
          22   82.91393      -30.64987       35.29282              21
   1  93   0.178
   1  45   0.018
   2  45   0.170
   1   9  -0.014
   2   9  -0.179
   1 107  -0.045
   1  38  -0.103
   2  38  -0.401
   1  52   0.033
   2  52   0.104
   1  44  -0.134
   2  44  -0.153
   1  48  -0.103
   1  50  -0.438
   2  50  -0.295
   2  47  -0.518
   1  39   0.056
   2  39   0.333
   1 102   0.592
   1  40  -0.204
   1  94   0.517
  dcur_p=  0.1874458      dcur_s=  0.2691438    
          23  -52.49687       83.64851       9.472184              10
   1  41  -0.297
   1  40   0.818
   1  51   0.328
   1  47  -0.844
   1  39  -0.484
   1  48   0.063
   1  44  -0.691
   1  42   1.417
   1  52   0.029
   1  38   0.096
  dcur_p=  0.5066985      dcur_s=  0.0000000E+00
          24   41.16869      -41.54590       28.28225              22
   1  90  -0.003
   1  45   0.045
   1 104   0.353
   1   9   0.034
   2   9  -0.229
   1  38  -0.129
   1  52  -0.224
   2  52  -0.225
   1  93   0.202
   1  48  -0.180
   2  48   0.020
   1  44   0.019
   1  39   0.223
   2  39   0.150
   1  47  -0.189
   1  50  -0.102
   1  40  -0.115
   2  40   0.190
   1  41  -0.077
   2  41  -0.068
   1 102   0.046
   1 107  -0.100
  dcur_p=  0.1275339      dcur_s=  0.1470013    
          25   35.40054      -48.68787       13.41679              26
   1  90  -0.077
   1 104   0.670
   1  45  -0.169
   2  45   0.000
   2   9  -0.306
   1  42   0.164
   2  42   1.144
   1  52  -0.154
   2  52   0.013
   1  38  -0.075
   2  38  -0.485
   1  48  -0.004
   1  93   0.034
   1  44  -0.180
   1  39   0.426
   2  39   0.431
   1  47  -0.227
   1  50  -0.283
   2  50  -0.515
   1  40   0.024
   2  40  -0.251
   1  41   0.157
   2  41  -0.146
   1 102   0.439
   1 107  -0.147
   1  98  -0.845
  dcur_p=  0.2397323      dcur_s=  0.3656892    
          26   43.32260      -40.04819       30.87630              26
   1  90   0.111
   1  45   0.077
   1 104  -0.170
   2   9  -0.024
   1  93   0.184
   1  42   0.036
   2  42   0.492
   1  52  -0.154
   2  52  -0.355
   1  38  -0.047
   2  38  -0.111
   1  48  -0.161
   2  48  -0.149
   1  44   0.379
   1  39   0.145
   2  39   0.146
   1  47  -0.154
   1  50   0.038
   2  50  -0.195
   1  41  -0.049
   2  41  -0.047
   1  40  -0.157
   2  40   0.101
   2  51   0.388
   1 107   0.050
   1  98  -0.452
  dcur_p=  0.1477619      dcur_s=  0.2007521    
          27  -4.214753       23.79952       11.60960              17
   1  47  -0.173
   2  47  -0.163
   1  40  -0.010
   2  40   0.043
   1  48  -0.025
   2  48  -0.146
   1  39   0.014
   2  39   0.184
   1  51   0.038
   2  51   0.019
   1  41  -0.004
   1  44   0.268
   2  44  -0.085
   1  52  -0.087
   2  52   0.026
   1  38  -0.010
   2  38   0.053
  dcur_p=  6.9816507E-02  dcur_s=  8.9903861E-02
          28  -49.90736       24.92216       23.94073              16
   1  98  -0.092
   1  41   0.016
   2  41  -0.018
   1  40   0.024
   2  40   0.065
   1  39   0.108
   2  39  -0.188
   1  47   0.019
   2  47  -0.116
   1  48   0.136
   1  51  -0.015
   1  52  -0.027
   1  44  -0.009
   1  94   0.010
   1  38  -0.063
   1 102  -0.163
  dcur_p=  5.6719024E-02  dcur_s=  9.6808195E-02
          29  -25.65508      -1.524323       20.15059              15
   1  39  -0.056
   1  41  -0.031
   2  41   0.209
   1  42   0.056
   2  42   0.137
   1  48  -0.001
   2  48  -0.099
   1  40   0.013
   2  40  -0.057
   1  52   0.004
   2  52  -0.023
   1  44  -0.111
   2  44   0.011
   1  38   0.005
   1  51   0.124
  dcur_p=  4.4642132E-02  dcur_s=  8.9484848E-02
          30   32.98613      -48.87685       3.625207              32
   1  90   0.032
   1 104   0.962
   1  45  -0.056
   2  45   0.097
   1   9  -0.454
   2   9  -0.160
   1  42   0.003
   2  42   0.242
   1  52   0.055
   2  52   0.061
   1  38  -0.097
   2  38  -0.436
   1  48  -0.058
   2  48   0.275
   1  44  -0.084
   2  44  -0.102
   1  93   0.228
   1  39   0.354
   2  39   0.406
   1  47  -0.129
   2  47  -0.506
   1  50  -0.204
   2  50  -0.613
   1  40  -0.150
   2  40  -0.451
   1  41  -0.126
   2  41  -0.495
   1  51  -0.356
   2  51   0.035
   1 102   0.570
   1 107  -0.020
   1 105  -0.513
  dcur_p=  0.2342995      dcur_s=  0.2984298    
          31   42.44899      -39.86700       29.07259              11
   1  45   0.049
   1   9  -0.035
   2   9  -0.020
   1  48  -0.240
   1  44   0.281
   1  39   0.005
   2  39   0.223
   1  50  -0.079
   2  50  -0.164
   1  41   0.009
   2  41  -0.132
  dcur_p=  9.9637710E-02  dcur_s=  0.1347642    
          32   65.63097      -51.10096       32.49455              19
   1  90   0.317
   1 104   0.382
   1  45   0.334
   2  45   0.261
   1  93  -0.189
   1   9  -0.178
   1  38  -0.148
   1  52   0.190
   2  52   0.359
   1 107  -0.116
   1  44  -0.075
   1  48   0.194
   1  50  -0.205
   2  50  -0.036
   1  39   0.009
   1  51  -0.314
   2  51  -0.230
   1  40  -0.125
   1  41  -0.448
  dcur_p=  0.2149481      dcur_s=  0.2217607    
          33   45.72851      -14.40067       57.51760              20
   1  45  -0.326
   2  45  -0.258
   1 104   0.743
   1   9  -0.279
   2   9  -0.365
   1  93   0.150
   1  38  -0.325
   2  38  -0.220
   1  52  -0.294
   1  44  -0.224
   2  44  -0.389
   1  50  -0.494
   2  50  -0.471
   1  47  -0.060
   2  47   0.191
   1 107   0.168
   1  39   0.176
   2  39   0.185
   1 102   0.528
   1  40   0.520
  dcur_p=  0.3296799      dcur_s=  0.2970514    
          34  -10.94231       21.13786       12.85427              12
   1  40   0.016
   2  40  -0.045
   1  39   0.003
   2  39  -0.032
   1  41  -0.039
   1  47  -0.106
   2  47  -0.167
   1  48  -0.057
   2  51   0.655
   1  44  -0.083
   2  44   0.041
   2  38  -0.133
  dcur_p=  5.0747555E-02  dcur_s=  0.1788874    
          35   39.54771      -58.12288      0.0000000E+00          18
   1  90   0.185
   1 104   0.009
   1  45  -0.049
   1  42   0.001
   2  42   0.355
   1  93   0.155
   1  52   0.104
   2  52   0.244
   1  38  -0.106
   2  38  -0.101
   1  48   0.037
   2  48   0.155
   1  44   0.172
   1  39  -0.222
   1 100   0.054
   1  50  -0.115
   1  40  -0.294
   1 107   0.073
  dcur_p=  0.1125764      dcur_s=  0.2133703    
          36  -10.87750       42.17218       52.60586              19
   1  51   0.017
   2  51   0.128
   1  40   0.072
   2  40  -0.138
   1 102  -0.466
   1  47   0.122
   1  50   0.024
   1  41   0.021
   2  41  -0.041
   1  44  -0.010
   2  44   0.017
   1  39   0.345
   2  39  -0.049
   1  48  -0.052
   2  48  -0.068
   1  52  -0.097
   2  52   0.100
   1  38  -0.024
   1  98   0.012
  dcur_p=  0.1053212      dcur_s=  7.7261515E-02
          37   37.07825      -11.06362       48.18604              28
   1  45  -0.424
   1 104   0.615
   2  45  -0.135
   1   9  -0.317
   2   9  -0.318
   1  38  -0.068
   2  38  -0.049
   1  52  -0.022
   2  52  -0.079
   1  44  -0.130
   1  48  -0.112
   1 100   0.241
   1  50  -0.319
   2  50  -0.317
   1  93   0.176
   1  47  -0.130
   2  47  -0.160
   1  39   0.132
   2  39   0.162
   1  51  -0.355
   1  40  -0.186
   1 102   0.470
   1  41  -0.094
   2  41  -0.105
   1 107  -0.038
   1  97  -0.123
   1  94   0.709
   1  98   0.780
  dcur_p=  0.2720401      dcur_s=  0.1655792    
          38   35.74298      -11.77764       48.35933              16
   1 104   0.590
   1  45  -0.397
   2  45  -0.283
   2   9  -0.390
   2  38  -0.004
   1  52   0.005
   2  52  -0.020
   1  48  -0.061
   2  48   0.095
   1 100   0.117
   1  93   0.042
   1  50  -0.167
   2  50  -0.243
   1 102   0.549
   2  41  -0.084
   1 107  -0.265
  dcur_p=  0.2436229      dcur_s=  0.1597712    
